[[0, 2, 54], [1, 3, 60], [2, 6, 6]]
[13168, 837469, 259354, 234331, 995645, 470263, 836462, 476353, 639068, 150616, 634861]
88
[[0, 2, 54], [1, 2, 60], [2, 6, 6]]
Run 1
109
[[0, 2, 54], [1, 1, 60], [2, 6, 6]]
Run 1
34
[[0, 1, 54], [1, 1, 60], [2, 6, 6]]
Run 0
91
[[0, 1, 54], [1, 0, 60], [2, 6, 6]]
Run 1
5
[[0, 0, 54], [1, 0, 60], [2, 6, 6]]
Run 0
1
[[0, 0, 54], [1, 0, 60], [2, 5, 6]]
Run 2
2
[[0, 0, 54], [1, 0, 60], [2, 4, 6]]
Run 2
1
[[0, 0, 54], [1, 0, 60], [2, 3, 6]]
Run 2
2
[[0, 0, 54], [1, 0, 60], [2, 2, 6]]
Run 2
4
[[0, 0, 54], [1, 0, 60], [2, 1, 6]]
Run 2
1
[[0, 0, 54], [1, 0, 60], [2, 0, 6]]
Run 2
[1, 1, 0, 1, 0, 2, 2, 2, 2, 2, 2]
